  0.192129761       7.30617493E-02  0.192129761       7.30617493E-02
   7.16961995E-02   1.74355507E-02   7.16961995E-02   1.74355507E-02
   1.37768509E-02   7.30352849E-02   1.37768509E-02   7.30352849E-02
   5.87896854E-02   3.73465009E-02   5.87896854E-02   3.73465009E-02
   3.07015423E-02   5.23274951E-03   3.07015423E-02   5.23274951E-03
   4.85541299E-03   6.24161661E-02   4.85541299E-03   6.24161661E-02
   5.03105111E-02   4.95381542E-02   5.03105111E-02   4.95381542E-02
   4.66227159E-02   1.40063418E-02   4.66227159E-02   1.40063418E-02
   1.35732582E-02   6.15225807E-02   1.35732582E-02   6.15225807E-02
   6.11026362E-02   3.08463834E-02   6.11026362E-02   3.08463834E-02
   2.66451277E-02   1.75093021E-02   2.66451277E-02   1.75093021E-02
   9.99335106E-03   5.44607900E-02   9.99335106E-03   5.44607900E-02
   5.41564152E-02   2.96794455E-02   5.41564152E-02   2.96794455E-02
   2.31871419E-02   1.74352732E-02   2.31871419E-02   1.74352732E-02
   1.50115583E-02   4.59360853E-02   1.50115583E-02   4.59360853E-02
   4.03643101E-02   3.20701338E-02   4.03643101E-02   3.20701338E-02
   3.17296684E-02   1.60208344E-02   3.17296684E-02   1.60208344E-02
   9.92800761E-03   5.80851249E-02   9.92800761E-03   5.80851249E-02
   5.78760840E-02   6.08728826E-03   5.78760840E-02   6.08728826E-03
  -2.91188061E-03  -1.79888625E-02  -2.91188061E-03  -1.79888625E-02
   1.11362123     -0.114305802       1.11362123     -0.114305802    
   3.63012962E-02  -6.59810752E-02   3.63012962E-02  -6.59810752E-02
  0.182495654     -0.846426010      0.182495654     -0.846426010    
  0.801040590      -1.00109434      0.801040590      -1.00109434    
  0.916983426     -0.898513198      0.916983426     -0.898513198    
  0.960594416     -0.828550637      0.960594416     -0.828550637    
  0.901925623     -0.864793837      0.901925623     -0.864793837    
  0.903813660     -0.952368140      0.903813660     -0.952368140    
  0.944254160     -0.967594624      0.944254160     -0.967594624    
  0.933761716     -0.991871297      0.933761716     -0.991871297    
   1.08108747     -0.990239978       1.08108747     -0.990239978    
   1.09984899     -0.960355341       1.09984899     -0.960355341    
  0.851778924      -1.00355542      0.851778924      -1.00355542    
  0.994476914     -0.978403509      0.994476914     -0.978403509    
  0.950269938     -0.962748051      0.950269938     -0.962748051    
  0.980886221     -0.987484336      0.980886221     -0.987484336    
  0.976749063     -0.952857018      0.976749063     -0.952857018    
   1.01461339     -0.975555778       1.01461339     -0.975555778    
  0.936820149      -1.00408018      0.936820149      -1.00408018    
  0.829359412     -0.969038486      0.829359412     -0.969038486    
  -1.28325844      -1.61061144      -1.28325844      -1.61061144    
  -1.28948498      0.607704878      -1.28948498      0.607704878    
  -1.34285450      0.587735593      -1.34285450      0.587735593    
  -1.20196819      0.601911008      -1.20196819      0.601911008    
 -0.354691178      0.631201446     -0.354691178      0.631201446    
 -0.268630475      0.548248351     -0.268630475      0.548248351    
 -0.363605559      0.581073880     -0.363605559      0.581073880    
 -0.109924830      0.558775425     -0.109924830      0.558775425    
   4.96743945E-03  0.596185386       4.96743945E-03  0.596185386    
   4.12426889E-03  0.569663525       4.12426889E-03  0.569663525    
   3.45495567E-02  0.557906091       3.45495567E-02  0.557906091    
   4.35415143E-03  0.536650360       4.35415143E-03  0.536650360    
  -4.36839163E-02  0.545931637      -4.36839163E-02  0.545931637    
   2.50263531E-02  0.559344709       2.50263531E-02  0.559344709    
   7.99051821E-02  0.557820737       7.99051821E-02  0.557820737    
  0.120791487      0.557504892      0.120791487      0.557504892    
  0.220441237      0.546024680      0.220441237      0.546024680    
  0.475893915      0.561742961      0.475893915      0.561742961    
   1.34875560      0.522080660       1.34875560      0.522080660    
   1.25371826      -2.10951161       1.25371826      -2.10951161    
  0.322093606     -0.406471610      0.322093606     -0.406471610    
  0.526630402      0.279004246      0.526630402      0.279004246    
  0.479731590      -2.85295701      0.479731590      -2.85295701    
  0.498694986      0.412117332      0.498694986      0.412117332    
  0.454983532      -2.39356709      0.454983532      -2.39356709    
 -0.468728393      0.520374835     -0.468728393      0.520374835    
 -0.545736253      0.464607507     -0.545736253      0.464607507    
 -0.606791377      0.449433714     -0.606791377      0.449433714    
 -0.485431343      0.588813663     -0.485431343      0.588813663    
 -0.542716384      0.584192157     -0.542716384      0.584192157    
 -0.661456406      0.562878370     -0.661456406      0.562878370    
 -0.426891834      0.573751986     -0.426891834      0.573751986    
 -0.502462327      0.536960483     -0.502462327      0.536960483    
 -0.539301515      0.590312362     -0.539301515      0.590312362    
 -0.594112635      0.574975133     -0.594112635      0.574975133    
 -0.545091510      0.544589758     -0.545091510      0.544589758    
 -0.620072782      0.590120077     -0.620072782      0.590120077    
 -0.608663917      0.591533542     -0.608663917      0.591533542    
 -0.521764398      0.529047132     -0.521764398      0.529047132    
 -0.557290256      0.343343228     -0.557290256      0.343343228    
  0.128291115       7.70776570E-02  0.128291115       7.70776570E-02
   7.94246346E-02   3.62284593E-02   7.94246346E-02   3.62284593E-02
   3.80375087E-02   5.77940084E-02   3.80375087E-02   5.77940084E-02
   5.73607013E-02   4.23357226E-02   5.73607013E-02   4.23357226E-02
   4.30278815E-02   3.08981761E-02   4.30278815E-02   3.08981761E-02
   2.48506218E-02   3.67894657E-02   2.48506218E-02   3.67894657E-02
   4.41448130E-02   3.39532420E-02   4.41448130E-02   3.39532420E-02
   3.79475541E-02   4.92868805E-03   3.79475541E-02   4.92868805E-03
   7.19001936E-03   3.13710794E-02   7.19001936E-03   3.13710794E-02
   3.47528569E-02   2.56466735E-02   3.47528569E-02   2.56466735E-02
   3.06780934E-02   9.57305310E-05   3.06780934E-02   9.57305310E-05
   6.23782817E-03   2.90056448E-02   6.23782817E-03   2.90056448E-02
   3.69377472E-02   2.06462555E-02   3.69377472E-02   2.06462555E-02
   2.19395068E-02   3.87091772E-04   2.19395068E-02   3.87091772E-04
   5.45906078E-05   2.12000329E-02   5.45906078E-05   2.12000329E-02
   2.77005173E-02   2.01320834E-02   2.77005173E-02   2.01320834E-02
   2.17108633E-02  -7.18962587E-03   2.17108633E-02  -7.18962587E-03
  -6.43545249E-03   2.17898339E-02  -6.43545249E-03   2.17898339E-02
   2.73774341E-02   1.09942688E-03   2.73774341E-02   1.09942688E-03
 -0.124422669      -3.95655856E-02 -0.124422669      -3.95655856E-02
   3.77695990      -1.62098336       3.77695990      -1.62098336    
   1.72075748      -1.65718377       1.72075748      -1.65718377    
   1.74228907      -1.76091743       1.74228907      -1.76091743    
   1.73801076      -1.76619899       1.73801076      -1.76619899    
   1.72779262      -1.75074971       1.72779262      -1.75074971    
   1.72908258      -1.69794726       1.72908258      -1.69794726    
   1.72757316      -1.72028077       1.72757316      -1.72028077    
   1.72280025      -1.73829484       1.72280025      -1.73829484    
   1.73813546      -1.74229610       1.73813546      -1.74229610    
   1.73054695      -1.74788046       1.73054695      -1.74788046    
   1.73995674      -1.77141094       1.73995674      -1.77141094    
   1.72430408      -1.77221406       1.72430408      -1.77221406    
   1.70978284      -1.71548784       1.70978284      -1.71548784    
   1.71024716      -1.67001379       1.71024716      -1.67001379    
   1.70878494      -1.74189579       1.70878494      -1.74189579    
   1.71922350      -1.72802341       1.71922350      -1.72802341    
   1.69911134      -1.71450663       1.69911134      -1.71450663    
   1.64410985      -1.67508972       1.64410985      -1.67508972    
   1.68289936      -1.66323602       1.68289936      -1.66323602    
   1.64214420      -1.69681716       1.64214420      -1.69681716    
 -0.279633135     -0.334028959     -0.279633135     -0.334028959    
  0.989582717      0.118876986      0.989582717      0.118876986    
  0.769009650     -0.676602662      0.769009650     -0.676602662    
  0.829303980      0.112432636      0.829303980      0.112432636    
  0.204462603      0.838060617      0.204462603      0.838060617    
  0.983432412     -0.840993762      0.983432412     -0.840993762    
  0.495771110      0.521014750      0.495771110      0.521014750    
  0.237436667      0.571262121      0.237436667      0.571262121    
   1.13772631     -0.767301679       1.13772631     -0.767301679    
  0.636157870       7.23062875E-03  0.636157870       7.23062875E-03
  0.150487453      0.772159994      0.150487453      0.772159994    
   1.09287584      -3.01187318E-02   1.09287584      -3.01187318E-02
  0.786753178      0.564271688      0.786753178      0.564271688    
  0.362192303      0.587650716      0.362192303      0.587650716    
   1.06107938     -0.631405056       1.06107938     -0.631405056    
  0.752096534      0.141315773      0.752096534      0.141315773    
  0.613193512      0.690482080      0.613193512      0.690482080    
  0.680256128       6.77781850E-02  0.680256128       6.77781850E-02
  0.805149138      0.575601518      0.805149138      0.575601518    
  0.139015511      -7.43136629E-02  0.139015511      -7.43136629E-02
 -0.187772691      0.287771106     -0.187772691      0.287771106    
 -0.308827668      0.224818051     -0.308827668      0.224818051    
 -0.196196496      -1.12891531     -0.196196496      -1.12891531    
  -1.73288620      0.352961242      -1.73288620      0.352961242    
 -0.265793055      0.235946834     -0.265793055      0.235946834    
  0.113822736      -1.53868949      0.113822736      -1.53868949    
  -1.96168017      0.347446799      -1.96168017      0.347446799    
 -0.262991756      0.151902854     -0.262991756      0.151902854    
 -0.116866574      -1.66830289     -0.116866574      -1.66830289    
  -1.95982409      0.336995929      -1.95982409      0.336995929    
   1.41256135E-02  0.278038204       1.41256135E-02  0.278038204    
 -0.144027442      -1.15962398     -0.144027442      -1.15962398    
  -1.81983089      0.345388889      -1.81983089      0.345388889    
 -0.393053412      0.298569262     -0.393053412      0.298569262    
  -1.02755845     -0.632536054      -1.02755845     -0.632536054    
  -1.39177048      0.251509398      -1.39177048      0.251509398    
 -0.470306933      0.316448599     -0.470306933      0.316448599    
 -0.720897496     -0.299636453     -0.720897496     -0.299636453    
  -1.03222287      0.223189890      -1.03222287      0.223189890    
 -0.418903589      0.225047663     -0.418903589      0.225047663    
  -1.18377662      0.746644616      -1.18377662      0.746644616    
 -0.717698395       1.11653602     -0.717698395       1.11653602    
  -1.13932717      0.998947799      -1.13932717      0.998947799    
  -1.08255327       1.02755439      -1.08255327       1.02755439    
  -1.04069912       1.02824509      -1.04069912       1.02824509    
 -0.997158885       1.04306138     -0.997158885       1.04306138    
 -0.946525276       1.05076885     -0.946525276       1.05076885    
  -1.01074898       1.02075911      -1.01074898       1.02075911    
  -1.05087745      0.995941758      -1.05087745      0.995941758    
  -1.00333178       1.01776242      -1.00333178       1.01776242    
  -1.05023825       1.01354003      -1.05023825       1.01354003    
  -1.05667853       1.05670083      -1.05667853       1.05670083    
  -1.04349232      0.983591974      -1.04349232      0.983591974    
 -0.993922234       1.03045702     -0.993922234       1.03045702    
 -0.962017238       1.02320206     -0.962017238       1.02320206    
 -0.944435894       1.04139578     -0.944435894       1.04139578    
 -0.946916521       1.00491142     -0.946916521       1.00491142    
  -1.07486284       1.04274976      -1.07486284       1.04274976    
 -0.655428231       1.19035518     -0.655428231       1.19035518    
 -0.650214791      0.880222797     -0.650214791      0.880222797    
   1.45597839      -1.15743721       1.45597839      -1.15743721    
   1.13563466      -1.09422469       1.13563466      -1.09422469    
   1.13608778      -1.12190223       1.13608778      -1.12190223    
   1.13738179      -1.14046025       1.13738179      -1.14046025    
   1.13204539      -1.13375700       1.13204539      -1.13375700    
   1.12804353      -1.12981606       1.12804353      -1.12981606    
   1.13881803      -1.11931813       1.13881803      -1.11931813    
   1.15353632      -1.12711203       1.15353632      -1.12711203    
   1.13433027      -1.15288651       1.13433027      -1.15288651    
   1.15332413      -1.16263449       1.15332413      -1.16263449    
   1.15840161      -1.15407789       1.15840161      -1.15407789    
   1.15103686      -1.13756597       1.15103686      -1.13756597    
   1.14859927      -1.16378546       1.14859927      -1.16378546    
   1.13523436      -1.16577899       1.13523436      -1.16577899    
   1.14523423      -1.17397451       1.14523423      -1.17397451    
   1.15457404      -1.15857863       1.15457404      -1.15857863    
   1.15929389      -1.13570535       1.15929389      -1.13570535    
   1.10877717      -1.18658864       1.10877717      -1.18658864    
   1.14578223      -1.15641952       1.14578223      -1.15641952    
   1.12866199      -1.14696324       1.12866199      -1.14696324    
  0.529052436      0.177046701      0.529052436      0.177046701    
 -0.166394755       1.15060532     -0.166394755       1.15060532    
 -0.831786096      0.939414799     -0.831786096      0.939414799    
 -0.728756249       1.12523639     -0.728756249       1.12523639    
 -0.498432845       1.15080714     -0.498432845       1.15080714    
 -0.522526741      0.865277410     -0.522526741      0.865277410    
 -0.567745328      0.861900628     -0.567745328      0.861900628    
 -0.496388167      0.867045939     -0.496388167      0.867045939    
 -0.481154799      0.924782813     -0.481154799      0.924782813    
 -0.490610510      0.968387067     -0.490610510      0.968387067    
 -0.484476835      0.981960773     -0.484476835      0.981960773    
 -0.498940945      0.922939301     -0.498940945      0.922939301    
 -0.517831922      0.869555891     -0.517831922      0.869555891    
 -0.497093946      0.925193071     -0.497093946      0.925193071    
 -0.504240930      0.888163507     -0.504240930      0.888163507    
 -0.498999566      0.946913600     -0.498999566      0.946913600    
 -0.521387041      0.902113914     -0.521387041      0.902113914    
 -0.482447624      0.923620880     -0.482447624      0.923620880    
 -0.516239643      0.889052927     -0.516239643      0.889052927    
 -0.494550228      0.193054169     -0.494550228      0.193054169    
