 -0.419540793       1.29914916     -0.419540793       1.29914916    
  0.181424752       1.37721443      0.181424752       1.37721443    
  -7.99722001E-02   1.34639692      -7.99722001E-02   1.34639692    
   7.99955726E-02   1.35960996       7.99955726E-02   1.35960996    
  -7.07255900E-02   1.30209541      -7.07255900E-02   1.30209541    
   4.33014184E-02   1.42268336       4.33014184E-02   1.42268336    
  -3.79653424E-02   1.35066450      -3.79653424E-02   1.35066450    
   4.60934173E-03   1.34865928       4.60934173E-03   1.34865928    
 -0.517782748       1.28468025     -0.517782748       1.28468025    
  -4.63842899E-02   1.40692997      -4.63842899E-02   1.40692997    
   5.52069321E-02   1.38116825       5.52069321E-02   1.38116825    
  -5.70542663E-02   1.34280813      -5.70542663E-02   1.34280813    
   7.58995935E-02   1.31962752       7.58995935E-02   1.31962752    
  -7.89190978E-02   1.41684175      -7.89190978E-02   1.41684175    
   8.16187412E-02   1.35339272       8.16187412E-02   1.35339272    
  -8.50304365E-02   1.35821831      -8.50304365E-02   1.35821831    
  0.112682484       1.29183340      0.112682484       1.29183340    
 -0.114877939       1.41258729     -0.114877939       1.41258729    
  0.117523365       1.31439650      0.117523365       1.31439650    
 -0.122153521       1.39262831     -0.122153521       1.39262831    
  -1.21697772       1.18934846      -1.21697772       1.18934846    
  -1.20697355       1.18207490      -1.20697355       1.18207490    
  -1.21473432       1.19577014      -1.21473432       1.19577014    
  -1.21132624       1.18220270      -1.21132624       1.18220270    
  -1.21033525       1.18546093      -1.21033525       1.18546093    
  -1.20715296       1.15746880      -1.20715296       1.15746880    
  -1.20775521       1.19805026      -1.20775521       1.19805026    
  -1.21169114       1.18198538      -1.21169114       1.18198538    
  -1.21158564       1.17857182      -1.21158564       1.17857182    
  -1.21574819       1.19440722      -1.21574819       1.19440722    
  -1.20893562       1.19346535      -1.20893562       1.19346535    
  -1.21469307       1.20014644      -1.21469307       1.20014644    
  -1.20004714       1.17035532      -1.20004714       1.17035532    
  -1.19790566       1.19482577      -1.19790566       1.19482577    
  -1.20181596       1.16039622      -1.20181596       1.16039622    
  -1.20866692       1.16751230      -1.20866692       1.16751230    
  -1.20989573       1.15788722      -1.20989573       1.15788722    
  -1.20673299       1.16851056      -1.20673299       1.16851056    
  -1.21602702       1.17711234      -1.21602702       1.17711234    
  -1.20954132       1.18373060      -1.20954132       1.18373060    
 -0.585779428       1.00533056     -0.585779428       1.00533056    
 -0.590757310      -8.06745812E-02 -0.590757310      -8.06745812E-02
 -0.593429148       1.03402185     -0.593429148       1.03402185    
 -0.586968839       1.00855172     -0.586968839       1.00855172    
 -0.600348771      0.138577402     -0.600348771      0.138577402    
 -0.587081432      0.986743689     -0.587081432      0.986743689    
 -0.590237617       1.10653019     -0.590237617       1.10653019    
 -0.572709084       1.11284781     -0.572709084       1.11284781    
 -0.592749298       1.19978821     -0.592749298       1.19978821    
 -0.692241848       3.67041193E-02 -0.692241848       3.67041193E-02
 -0.586522341       1.10915458     -0.586522341       1.10915458    
 -0.596185803       1.01183856     -0.596185803       1.01183856    
 -0.590947509       1.11127388     -0.590947509       1.11127388    
 -0.594158113      0.941442072     -0.594158113      0.941442072    
 -0.593456507       5.75745990E-03 -0.593456507       5.75745990E-03
 -0.586155415       1.16236329     -0.586155415       1.16236329    
 -0.593752682       8.17802250E-02 -0.593752682       8.17802250E-02
 -0.590733409       4.19220403E-02 -0.590733409       4.19220403E-02
 -0.593560994      0.993544400     -0.593560994      0.993544400    
 -0.587266088       1.01206338     -0.587266088       1.01206338    
 -0.225597471      -6.28441647E-02 -0.225597471      -6.28441647E-02
 -0.227369234       8.82849842E-02 -0.227369234       8.82849842E-02
 -0.225741446       1.08321728E-02 -0.225741446       1.08321728E-02
 -0.226779148       1.16963293E-02 -0.226779148       1.16963293E-02
 -0.225652769      -6.39888048E-02 -0.225652769      -6.39888048E-02
 -0.225849345       8.76300856E-02 -0.225849345       8.76300856E-02
 -0.226380587       1.07740853E-02 -0.226380587       1.07740853E-02
 -0.224557713       8.25592317E-03 -0.224557713       8.25592317E-03
 -0.227508232      -6.75093979E-02 -0.227508232      -6.75093979E-02
 -0.226134062       8.63088518E-02 -0.226134062       8.63088518E-02
 -0.226397604       1.12219173E-02 -0.226397604       1.12219173E-02
 -0.225448862       8.78184289E-03 -0.225448862       8.78184289E-03
 -0.224803612      -6.63702488E-02 -0.224803612      -6.63702488E-02
 -0.227415189       8.69547427E-02 -0.227415189       8.69547427E-02
 -0.225710571       1.34615246E-02 -0.225710571       1.34615246E-02
 -0.226470664       7.75216520E-03 -0.226470664       7.75216520E-03
 -0.225589588      -6.36680797E-02 -0.225589588      -6.36680797E-02
 -0.225529850       8.69445503E-02 -0.225529850       8.69445503E-02
 -0.226569995       1.32394740E-02 -0.226569995       1.32394740E-02
 -0.225837588       7.33716693E-03 -0.225837588       7.33716693E-03
 -0.524016440       1.14700353     -0.524016440       1.14700353    
 -0.134524390       1.19921327     -0.134524390       1.19921327    
 -0.149718016       1.13233399     -0.149718016       1.13233399    
  -1.21856956E-02   1.17241216      -1.21856956E-02   1.17241216    
 -0.436849296       1.15383959     -0.436849296       1.15383959    
 -0.137578517       1.17595351     -0.137578517       1.17595351    
 -0.133959681       1.19332469     -0.133959681       1.19332469    
  -6.43396154E-02   1.17525983      -6.43396154E-02   1.17525983    
  -1.14796877       1.11778378      -1.14796877       1.11778378    
 -0.139676422       1.21769261     -0.139676422       1.21769261    
 -0.144177020       1.11575878     -0.144177020       1.11575878    
 -0.414770037       1.13003075     -0.414770037       1.13003075    
  -1.61347464E-02   1.12963772      -1.61347464E-02   1.12963772    
 -0.132524416       1.20780110     -0.132524416       1.20780110    
 -0.134173408       1.16218722     -0.134173408       1.16218722    
  -1.67596452E-02   1.15794897      -1.67596452E-02   1.15794897    
  -1.29329925E-02   1.12918389      -1.29329925E-02   1.12918389    
 -0.117582358       1.20659697     -0.117582358       1.20659697    
 -0.183479100       1.15647674     -0.183479100       1.15647674    
  -1.14480615       1.19503140      -1.14480615       1.19503140    
